20.33397082704822
15.403434668849954
4.510550433593183
3.4420380895777387
2.1875955942679486
1.4875912516292737
1.3785760909486586
1.1359388343292802
0.7879252103167406
0.7694069501974493
0.6935027061054404
0.5916245933675608
0.464431472201283
0.4250829666523725
0.3982526637897627
0.3835080920119245
0.3490369496040153
0.31289287629254736
0.2778676636460286
0.276508366551994
0.25315693266244726
0.22759972533439896
0.21501507058122737
0.21048641011758126
0.19027471084287115
0.17185582097619906
0.15728981028327532
0.15173293894390022
0.14801606667403205
0.13993743497072617
0.1268040866761978
0.12187515500922975
0.1178332560356008
0.11293068227169856
0.10870980033752703
0.0996107858400611
0.09806649817097765
0.09603830408008804
0.08639590348983703
0.08543322779972866
0.08518408105008113
0.0820380586406398
0.07871134010360988
0.07713619422954236
0.07562990496453217
0.07444360056863635
0.07063462378448887
0.06811990140930221
0.06440817642044988
0.06360564638232688
0.062492362666841404
0.061292901225071375
0.05898832355500985
0.05771264856134745
0.056966265731915815
0.05563337480285685
0.05546315012992316
0.052471904377371495
0.05080791382406261
0.0504112425647609
0.04756455678868149
0.04519659703080114
0.044524437747619154
0.04380084264619288
0.04287168778171677
0.04134645797345363
0.03954920709657879
0.03879847765178433
0.03803630580794046
0.0374826085498557
0.03722101100421196
0.036297520926834796
0.03452182031929087
0.034498168589551965
0.03343211944494862
0.033319122142038984
0.0318523105962786
0.030979504606219746
0.030023888292392425
0.029990849715266582
0.029469334396840383
0.028764829008699373
0.02753627943311518
0.027282881590144303
0.026867405718145235
0.025925982656630334
0.025052688142545337
0.024428139062226625
0.024184132277950188
0.023896662485478337
0.02342022717453299
0.02300206161816572
0.02248895435830485
0.021950791888623727
0.021725398670377087
0.021133744828265313
0.020736719463336682
0.01967815835105321
0.019499749340786156
0.01892349780330826
0.018820034197955287
0.01851913664668611
0.01822105860063895
0.01776431334934807
0.017540062227440912
0.016253494568120527
0.015946804600097994
0.014752725438603783
0.014727811903055138
0.014294732216766864
0.014166486628507478
0.013651113486984272
0.01357506077884651
0.013418037170873002
0.013215737168932522
0.012908768907359166
0.012570977290103461
0.012423312075631087
0.012323119958901521
0.012025709933579754
0.01176646725539717
0.010875149115446656
0.010474817290418577
0.00997234361531596
0.009952324598748181
0.00924413473690956
0.008306190479398678
0.006209561915845514
0.004592171381043219
0.003743018040769892
0.003586174500056233
0.003555669133305714
