-0.1602562784742242,0.07972548003679576,0.12126781251816647,-5.749312658930128E-18,0.2727644944498809,-0.001446938271932451,-0.1931228496881217,0.004515837135194834,0.07050181444742336,0.09504706197818594,-0.053522853946349196,0.07525152163949544,-0.0184925075871358,0.09724704443088125,0.09311261670838315,0.19153936873086144,0.11496808680163643,0.22671728652545486,0.017816464951816498,-0.021763728897921657,-0.036244946193172145,-0.12116494069292487,-0.10860010801086886
-0.07972548003679576,-0.1602562784742242,5.754576742692164E-18,0.12126781251816647,0.031224096698461924,0.14712567892286632,-0.021706588190735527,0.11942061198993142,0.11604805378955725,0.044719768186240634,-0.0012015520715360065,-0.033013867205041764,0.16405195571479944,0.020838881075766327,-0.04885542773460094,-0.01593453047155758,-0.014249366234453237,-0.0026441438338097,0.06272316653981277,0.10401254506677664,0.07175443596242362,-0.007505241353708035,-0.08937020347273825
-0.1616178615402785,0.027128252898158234,0.12126781251816647,-9.052500248508386E-18,0.267919298844127,-0.0492369244062746,-0.15820692397068223,0.024991596060228573,0.0813954106370723,0.05401842846373817,-0.07409591309289651,0.15898211433112217,-0.0010365306012930543,0.040354546371179544,0.0070533295990823,0.14457011438570885,0.01898608957233126,0.11871325215288278,0.0696279210894405,0.007762778931271574,-0.06303515192767473,0.01642700472759779,-0.05760179578611804
-0.027128252898158234,-0.1616178615402785,9.054291462503056E-18,0.12126781251816647,0.015759223745861608,0.08848585300252981,-0.029676513319568724,0.07922771854244805,0.11507703050367543,0.06568854147839585,0.06535203040606369,0.032865144681169196,0.169949357276745,0.008822554889400107,-0.21016659720840886,-0.011258233285835084,0.050665045144099,-0.08880134055188792,-0.19707599448477997,-0.07853048453932886,-0.18116282550478233,0.22086462977641413,-0.034445954942101946
-0.15653783655762027,-0.021578919238774506,0.12126781251816647,-1.169120410294294E-17,0.2733443329092242,-0.10700833576210363,-0.15149490591841086,0.041620059892610285,0.0889903321516236,0.01603644186412552,-0.07373218840172953,0.18059177001690782,-0.00879322712998304,0.06119217913305302,-0.038809062142765895,0.07569257356242128,0.08547161124386664,0.08445252737875965,0.0156376418914075,0.00811697855027076,-0.08494908133326333,0.06754294595172006,-0.046581054103892
0.021578919238774506,-0.15653783655762027,1.168977929824669E-17,0.12126781251816647,0.0035826771548483154,0.006073626217179003,-0.03846628320371874,0.037040659283875586,0.05740251455981336,0.040326707446595444,0.1879072738146897,0.008465691877142887,0.1615971088865298,0.06259216685535109,-0.1701543333166705,8.819196868283839E-4,0.10771403629969817,-0.12246085226226883,-0.2887085816615445,-0.16351348760061035,-0.28595661363871105,0.2523483304612223,-0.06644167354422996
-0.14550023890525318,-0.07279188042965333,0.12126781251816647,-1.408819644252842E-17,0.28036706693710783,-0.2176996669002964,-0.10627228020881709,0.09631605743693743,0.04818467789187438,-0.06673075058134692,6.964155100825952E-4,0.1468076829860757,-0.0013785550302256257,0.04237744706455323,-0.07569267826791203,-0.08655282429388528,0.03090805745538501,0.027886491424120377,0.041108749224876485,0.013941646952934386,-0.036593564008204744,0.08923915863030324,-0.09307434031531583
0.07279188042965333,-0.14550023890525318,1.4083390167851856E-17,0.12126781251816647,0.023438233269002184,-0.07896223308187425,-0.05508577940648025,-9.822808346433357E-4,0.027352944554834516,-0.07370219957939786,0.3669396200579527,-0.02277775171960665,0.06122180992575846,-0.003903138818260288,-0.09498280828321219,-0.021520180288258736,-0.019377950622692413,-0.04257394689299278,-0.08531698111596214,-0.04456707146814023,-0.11092717714956585,0.03142935775435792,-0.2129431189205657
-0.12425656846678075,-0.1203098867585643,0.12126781251816648,-1.5583169471081697E-17,0.2112820491378776,-0.25224634635796145,-0.08072264119800344,0.1069755096483505,-0.006355327498043315,-0.0777044936611349,0.08846208168981283,0.11028475751494712,-0.0868271351771338,0.04950681795786033,-0.042060138760553846,-0.24247488220288485,-0.07149476993022241,-0.0790038463518816,-0.02710583057020185,0.0389072117962578,0.07291622530021627,-0.04231101229840053,0.059876459644389673
0.1203098867585643,-0.12425656846678075,1.5575225695503225E-17,0.12126781251816647,-0.04414264325064735,0.10049000264925255,-0.11204924607343904,-0.08330117983935306,0.06670289191167753,-0.029637583275467644,0.29795962805611265,0.1143331440004188,0.006398312691481068,-0.03788918182988006,-0.10206474214874152,-0.05378552841205368,-0.06536967359588769,-0.12750079993826305,-0.0893735479915848,-0.03623819869714762,0.06501042115208942,-0.2664546599715139,0.06704105494485
-0.0913569500256632,-0.15394109431844197,0.12126781251816648,-1.5457466277344337E-17,0.1059927450939048,-0.18253707554987272,-0.04864655539546257,0.07498156337535059,-0.017587154776571228,-0.054100937486982574,0.13024354562302473,0.05279947696388397,-0.1609045908475866,0.07485672997630777,0.007418071376979203,-0.2137911886318425,-0.14384358761491423,-0.1498307831990694,-0.0637081110453655,0.007191792486366638,0.19551693386834468,-0.21246576706174505,0.2318185116269742
0.15394109431844197,-0.0913569500256632,1.544730191314687E-17,0.12126781251816648,-0.04842273823234302,0.15480709841559043,-0.15842574950114785,-0.11132854713483131,0.027759179937384932,0.031280695867955156,0.1733867877897282,0.17772232534172985,0.041311276595652896,0.009130223895533397,0.017747486026043754,-0.08067070397520905,-0.0372447955550801,-0.05546606165355465,-0.021264260939531678,-0.02968003106704887,0.12302327042141456,-0.19211955100376826,0.08654481183701576
-0.04920916302428679,-0.17877387635176234,0.12126781251816648,-1.4181468261726645E-17,-0.0043167327204489524,-0.06133750429966913,-0.026152234884910266,0.017295612956265485,-0.012946853105428185,-0.013068717379375958,0.06082511646392027,-0.026528648436978636,-0.1457687372189123,0.06756654077627386,0.04720002279945505,-0.059949384989005296,-0.02389380126733282,-0.09066312368040308,-0.08291419563790021,-0.051498623213351614,0.1526615488419641,-0.16302637751051163,0.18080950995917874
0.17877387635176234,-0.04920916302428679,1.4169664248014274E-17,0.12126781251816648,-0.025688956967386375,0.10713348495035703,-0.17705790433458019,-0.08414651247087583,-0.08293363812788336,0.08296868345744995,0.07675763004575133,0.19833285314676524,0.029426913166721684,0.07632485056523448,0.16930457272713964,-0.16526709288536917,5.839087223126585E-4,0.056210243184725936,0.07513200388154598,0.029678347674417325,0.04665443941945973,0.12674938622446838,0.003720144395469656
-3.4978214467094474E-17,-0.18783621317984697,0.12126781251816648,-1.14741901447412E-17,-0.05229934048389341,-3.3151080428076236E-17,3.131048721472472E-17,6.230149006384736E-17,2.0246739119031853E-17,-4.268275282581491E-17,-0.023519704001556053,4.1768730067153415E-16,-0.11304801497038376,-1.6784340545917274E-15,-8.199062317969808E-16,-8.963744840845691E-17,-1.5770605242323673E-16,-5.04957826401919E-18,2.972310120060005E-16,-5.523248676713333E-16,0.1270290110948466,6.925967045321179E-16,0.06422893409417722
0.18783621317984697,-3.6542711475373083E-17,1.1461787766489403E-17,0.12126781251816648,-1.2286508762621645E-18,0.08399295209263641,-0.18191124519022148,-0.06617248629758228,-0.11518883382655397,0.10442409529892435,-1.4126787112966086E-16,0.19965029846957444,-1.2606777858420226E-15,0.06987932448643483,0.20083575568205853,-0.2028933321265087,0.029830262494025143,0.06434199204031957,0.1354786062831981,0.020743934712592026,-1.848982063258151E-15,0.2684492617792824,-2.08538356881192E-14
0.04920916302428669,-0.17877387635176248,0.12126781251816648,-7.659745585664283E-18,-0.004316732720448947,0.061337504299669006,0.02615223488491035,-0.01729561295626551,0.0129468531054281,0.01306871737937661,0.06082511646391978,0.02652864843697818,-0.14576873721890884,-0.06756654077627965,-0.047200022799456176,0.059949384989004345,0.02389380126733188,0.09066312368040275,0.08291419563790148,0.05149862321334944,0.1526615488419615,0.16302637751051174,0.18080950995917552
0.17877387635176248,0.04920916302428669,7.647941571951914E-18,0.12126781251816648,0.02568895696738636,0.10713348495035699,-0.17705790433457935,-0.08414651247087596,-0.08293363812788296,0.0829686834574493,-0.07675763004575109,0.1983328531467663,-0.029426913166725174,0.0763248505652344,0.16930457272713867,-0.16526709288536715,5.839087223119585E-4,0.05621024318472592,0.0751320038815442,0.02967834767441708,-0.04665443941946223,0.12674938622446205,-0.003720144395495599
0.09135695002566306,-0.15394109431844208,0.12126781251816648,-3.3498697245598567E-18,0.10599274509390508,0.18253707554987275,0.048646555395463004,-0.07498156337535092,0.01758715477657057,0.054100937486983164,0.13024354562302398,-0.05279947696388423,-0.1609045908475838,-0.07485672997631257,-0.007418071376980493,0.21379118863184263,0.14384358761490854,0.14983078319907006,0.06370811104536978,-0.007191792486366881,0.19551693386834224,0.21246576706173612,0.2318185116269921
0.15394109431844208,0.09135695002566306,3.339705360362392E-18,0.12126781251816648,0.0484227382323432,0.15480709841559048,-0.15842574950114754,-0.11132854713483158,0.0277591799373852,0.0312806958679556,-0.1733867877897279,0.17772232534172994,-0.041311276595654575,0.009130223895528776,0.017747486026043882,-0.08067070397520451,-0.03724479555507854,-0.05546606165355222,-0.021264260939536067,-0.02968003106705014,-0.12302327042141144,-0.1921195510037771,-0.08654481183698699
0.12425656846678063,-0.12030988675856431,0.12126781251816648,8.846351087188299E-19,0.21128204913787754,0.25224634635796134,0.08072264119800358,-0.10697550964835109,0.006355327498043077,0.07770449366113691,0.08846208168981227,-0.11028475751494717,-0.08682713517713336,-0.04950681795786376,0.04206013876055395,0.24247488220288724,0.07149476993022337,0.07900384635188501,0.027105830570203906,-0.038907211796259465,0.07291622530021559,0.04231101229839876,0.0598764596444114
0.12030988675856431,0.12425656846678063,-8.92578884297301E-19,0.12126781251816648,0.04414264325064742,0.10049000264925285,-0.11204924607343869,-0.083301179839354,0.06670289191167844,-0.02963758327546971,-0.2979596280561124,0.11433314400042102,-0.006398312691478207,-0.037889181829878396,-0.10206474214874198,-0.05378552841205317,-0.06536967359589003,-0.12750079993826535,-0.08937354799158789,-0.03623819869714714,-0.06501042115208984,-0.26645465997152046,-0.06704105494481172
0.14550023890525313,-0.07279188042965333,0.12126781251816648,5.195045724637775E-18,0.28036706693710767,0.21769966690029643,0.10627228020881672,-0.09631605743693712,-0.04818467789187359,0.06673075058134671,6.964155100811757E-4,-0.14680768298607297,-0.0013785550302243133,-0.04237744706455028,0.07569267826790856,0.08655282429388621,-0.03090805745538615,-0.027886491424119052,-0.04110874922487549,-0.013941646952929446,-0.03659356400820034,-0.08923915863030302,-0.09307434031532194
0.07279188042965333,0.14550023890525313,-5.19985199931434E-18,0.12126781251816648,-0.023438233269002073,-0.07896223308187435,-0.05508577940648009,-9.822808346434577E-4,0.027352944554835164,-0.07370219957940125,-0.3669396200579508,-0.022777751719603702,-0.061221809925758444,-0.0039031388182600973,-0.0949828082832131,-0.02152018028825991,-0.01937795062269271,-0.042573946892991,-0.08531698111595817,-0.044567071468141956,0.11092717714956764,0.031429357754361176,0.2129431189205892
0.15653783655762013,-0.021578919238774565,0.12126781251816648,9.054858126071648E-18,0.27334433290922383,0.10700833576210375,0.1514949059184097,-0.041620059892610126,-0.08899033215162291,-0.01603644186412585,-0.07373218840173024,-0.18059177001690574,-0.008793227129982444,-0.06119217913305428,0.03880906214276777,-0.07569257356241733,-0.08547161124385813,-0.08445252737875747,-0.01563764189140485,-0.008116978550269213,-0.0849490813332619,-0.06754294595172053,-0.046581054103895625
0.021578919238774565,0.15653783655762013,-9.056282930767899E-18,0.12126781251816648,-0.003582677154848218,0.006073626217179052,-0.0384662832037186,0.03704065928387551,0.057402514559813295,0.04032670744659411,-0.1879072738146898,0.008465691877144342,-0.16159710888653087,0.06259216685534524,-0.1701543333166714,8.819196868280285E-4,0.10771403629969685,-0.12246085226226561,-0.2887085816615388,-0.1635134876006112,0.285956613638716,0.2523483304612234,0.06644167354425132
0.16161786154027852,0.02712825289815817,0.12126781251816648,1.2366821025940783E-17,0.2679192988441271,0.04923692440627432,0.15820692397068162,-0.024991596060228247,-0.08139541063707191,-0.054018428463738874,-0.07409591309289801,-0.15898211433112078,-0.0010365306012915837,-0.04035454637117909,-0.007053329599081898,-0.14457011438571207,-0.018986089572332665,-0.11871325215288123,-0.06962792108944132,-0.007762778931272788,-0.06303515192767489,-0.01642700472759478,-0.057601795786140976
-0.02712825289815817,0.16161786154027852,-1.2365029811946114E-17,0.12126781251816648,-0.01575922374586145,0.08848585300252997,-0.029676513319568693,0.07922771854244831,0.11507703050367515,0.06568854147839566,-0.06535203040606405,0.03286514468117025,-0.1699493572767438,0.008822554889392684,-0.21016659720840997,-0.011258233285835787,0.0506650451440988,-0.08880134055188776,-0.1970759944847774,-0.0785304845393288,0.18116282550478754,0.2208646297764142,0.03444595494208959
0.16025627847422427,0.0797254800367957,0.12126781251816648,1.5489557118043946E-17,0.2727644944498808,0.001446938271932633,0.19312284968812332,-0.004515837135195327,-0.070501814447425,-0.09504706197818767,-0.0535228539463497,-0.07525152163950027,-0.018492507587132584,-0.09724704443088503,-0.09311261670838243,-0.19153936873086486,-0.11496808680164006,-0.2267172865254638,-0.01781646495182223,0.021763728897919846,-0.03624494619317431,0.12116494069293093,-0.10860010801090443
-0.0797254800367957,0.16025627847422427,-1.548429303428191E-17,0.12126781251816648,-0.031224096698461688,0.14712567892286604,-0.02170658819073543,0.11942061198993179,0.11604805378955675,0.044719768186240814,0.001201552071535216,-0.03301386720504038,-0.1640519557148011,0.020838881075759083,-0.048855427734602025,-0.01593453047155884,-0.014249366234453293,-0.0026441438338118592,0.0627231665398147,0.10401254506677667,-0.07175443596242406,-0.00750524135370844,0.08937020347271385
0.12777307657593323,0.11146065341204228,0.12126781251816647,1.5275626484154757E-17,0.0475226353504826,-0.016997255608368622,0.12475852317762239,0.12154316765704697,0.06865251788636814,-0.15330084892257503,0.04769555683504843,0.09713991386254318,0.05549207839806288,0.06268845197704284,0.13313059178158848,0.007196722070537016,0.1592956381355724,-0.06884596738593515,-0.09835516992830777,0.23401679767252123,0.1348720738159098,0.041676471724161696,-0.04779004186371668
-0.11146065341204228,0.12777307657593323,-1.5268267002399847E-17,0.12126781251816648,-4.993718408961861E-4,0.1379173598888895,0.01815807289154917,0.00979093614383946,-0.05102651953415583,-0.17016887980454914,0.12690279005945534,0.06636112992465457,-0.20873393551388106,0.09900555430307101,0.04633845773918599,0.18567203309895333,-0.16612085243552485,0.10293617916210653,-0.23940064354697038,0.145041687889473,0.007894489588947203,-0.04258243292849089,-0.07005609595902663
0.09908169276344955,0.13562351774706866,0.12126781251816647,1.485039875255923E-17,0.0028673022179871678,0.00390696625012744,0.08541914749594179,0.14046964083658373,0.10850651992350932,-0.14193048928537122,0.06911974341740985,0.10127799317096972,0.09006266014470704,0.07082471016650732,0.1523975816466043,0.08790935263309882,-0.009459875628986177,-0.03589251386533453,-0.05445497881363916,0.08142580590175696,0.18651404996482285,0.02899919622987238,-0.09117910085531974
-0.13562351774706866,0.09908169276344955,-1.484144385436115E-17,0.12126781251816647,-0.0017387902084425376,0.08707880108057538,0.06557050038232394,-0.04605798590357136,-0.08377534448636192,-0.11007403586976709,0.10288995712037408,0.09771619444632997,-0.16307611257592908,-0.04225409443228057,-0.049711575100150916,0.09920372725649575,-0.06835319816221275,-0.016253617223191248,0.04413289635860962,-0.15092872717185835,-0.059453225221428645,-0.008982334721858854,-0.08924110688598923
0.06452092787773694,0.13538235858568853,0.12126781251816647,1.2545486841231748E-17,-0.033938627945064345,0.002658999286680868,0.054804496479129716,0.12790131241212452,0.12145169923502401,-0.08369983474767888,0.07519682418649129,0.10161418001635092,0.09601950813434845,-0.0018392716301141065,0.10329005674707183,0.10606660694108433,-0.10654931116072815,-0.07212685393804069,0.07403872948294847,-0.18826890375023692,0.13020512760915498,0.016002226833232085,-0.07900690646635357
-0.13538235858568853,0.06452092787773694,-1.2536547866199324E-17,0.12126781251816647,-0.008189498322735623,0.03858067163293751,0.10839941400884029,-0.05722054857834839,-0.13380287975626615,-0.11908563891128411,0.07967793925913931,0.07599796752511409,-0.11450067989101688,-0.07415897891570761,-0.05255576733902038,-0.031220036025317574,0.10817475032424498,-0.04418960786097276,0.14287030387830688,-0.13586362049972453,-0.0801502083645086,0.00740558103092205,-0.03852749496306255
0.03256586939829126,0.1160885672129926,0.12126781251816647,9.249391067200049E-18,-0.05626675508958629,3.569776570459615E-4,0.03296797647702026,0.09417338419403325,0.09452286793930276,-9.942601319650691E-4,0.05713081596736312,0.03967410477440289,0.10994570346937173,-0.028714305437714242,0.04363115658059881,0.0759799497287139,-0.11612406604074285,-0.044798746948883826,0.1526831086809272,-0.3240793358808719,0.043319823962021185,-0.01170203849637794,-0.00842521394368234
-0.1160885672129926,0.03256586939829126,-9.241726015307706E-18,0.12126781251816647,-0.01058065476263066,0.024805864111917934,0.13269086815172176,-0.05715763074567025,-0.1503913403172259,-0.10895349498139989,0.06637347685954327,0.04833505851900641,-0.09052774277336728,-0.029065853735327146,-0.031624345847909525,-0.10083523278615823,0.24787112661760388,-0.03369144610868712,0.08664169739627904,0.04720028920286703,-0.07077410315402226,0.007648041747237453,-0.0037854497025948774
0.06622262943834317,0.11663755568852635,0.12126781251816647,1.1513202906843036E-17,-0.03011877972033295,-0.006379702568115398,0.0624866347227127,0.12089291447109125,0.10301775251168924,-0.07296998987241175,0.06874174010790743,0.07260920440185556,0.110128797886065,0.014007103772278562,0.10263951724142015,0.06740376420117442,-0.02495069339064596,-0.06699439222728756,0.077262284244013,-0.17707043840823739,0.12010467901656925,0.012165275316214105,-0.0688795303956751
-0.11663755568852635,0.06622262943834317,-1.150550160654782E-17,0.12126781251816647,-0.011119807121905157,0.04515240603901292,0.10513909115206622,-0.060271033620811855,-0.15069363623296517,-0.1428592518539141,0.08176492188554776,0.06656127785840056,-0.13258465844786504,0.010423030960266906,0.02311855831595528,-0.05528904608557919,0.0686073199035068,0.032242431740073824,0.026694637913942852,-0.007424140223807378,-0.08324102619532718,0.008386560823182648,-0.019271938143050497
0.09739031191959124,0.11742471755626879,0.12126781251816647,1.3626624299506943E-17,0.0010242894820045264,-0.011628856372365028,0.09658301469387666,0.1241884621307074,0.08573356151270585,-0.12391590839059634,0.0755190835049224,0.08344478331633479,0.10201879100002567,0.06195129934612135,0.14268415170700163,0.04620745591904149,0.07435035702696736,-0.05635047446625867,-0.014337803409296985,0.05411458188006866,0.15453925650714048,0.02045761930504975,-0.07903092716577663
-0.11742471755626879,0.09739031191959124,-1.3618871024786434E-17,0.12126781251816647,-0.007630004229162864,0.07838578560676886,0.07093556239850314,-0.057201221837453846,-0.12838922617585777,-0.15796766059955908,0.1002323164738503,0.09848709934808492,-0.16857873658131456,0.04175157031143046,0.031486137166570914,0.046696474890229316,-0.12871659622779988,0.07300771545416432,-0.07802453493490719,-0.035481331600499634,-0.07113113543773295,-0.004984919778182658,-0.04744368902913916
-0.12777307657593331,0.11146065341204232,0.12126781251816646,-1.6582232235561724E-18,0.047522635350482616,0.01699725560836864,-0.12475852317762223,-0.1215431676570472,-0.06865251788636842,0.15330084892257548,0.04769555683504695,-0.09713991386254305,0.05549207839806624,-0.06268845197704047,-0.13313059178158881,-0.007196722070537227,-0.15929563813557265,0.06884596738593605,0.09835516992830881,-0.23401679767252093,0.13487207381590685,-0.04167647172416276,-0.047790041863744415
-0.11146065341204232,-0.12777307657593331,1.665582705311082E-18,0.12126781251816646,4.993718408962309E-4,0.13791735988888945,0.01815807289154905,0.009790936143839503,-0.0510265195341558,-0.17016887980455064,-0.12690279005945335,0.06636112992465516,0.20873393551387653,0.09900555430307935,0.04633845773918788,0.1856720330989526,-0.16612085243552868,0.10293617916210475,-0.23940064354697052,0.14504168788947203,-0.007894489588944441,-0.042582432928494625,0.07005609595897887
-0.09908169276344961,0.1356235177470687,0.12126781251816647,1.7190369742839945E-18,0.002867302217987162,-0.003906966250127461,-0.08541914749594193,-0.14046964083658375,-0.10850651992350945,0.14193048928537205,0.069119743417408,-0.10127799317097066,0.09006266014471102,-0.07082471016650377,-0.15239758164660405,-0.087909352633099,0.009459875628985521,0.03589251386533581,0.05445497881364207,-0.08142580590175812,0.18651404996482313,-0.028999196229870496,-0.09117910085532721
-0.1356235177470687,-0.09908169276344961,-1.7100820760859143E-18,0.12126781251816647,0.0017387902084424957,0.08707880108057547,0.06557050038232393,-0.046057985903571526,-0.08377534448636162,-0.11007403586976777,-0.10288995712037254,0.09771619444632935,0.16307611257593127,-0.04225409443227319,-0.049711575100149154,0.09920372725649663,-0.06835319816221443,-0.01625361722318948,0.044132896358610445,-0.15092872717185782,0.05945322522142677,-0.00898233472185852,0.08924110688596179
-0.06452092787773687,0.13538235858568856,0.12126781251816647,3.994485918636389E-18,-0.033938627945064394,-0.002658999286680864,-0.054804496479129716,-0.12790131241212435,-0.12145169923502416,0.08369983474767922,0.0751968241864902,-0.10161418001635154,0.09601950813434881,0.001839271630117829,-0.10329005674707077,-0.1060666069410847,0.10654931116072695,0.0721268539380408,-0.07403872948294683,0.18826890375023725,0.13020512760915687,-0.016002226833230947,-0.07900690646635428
-0.13538235858568856,-0.06452092787773687,-3.9855469436039636E-18,0.12126781251816647,0.008189498322735652,0.03858067163293753,0.10839941400884014,-0.05722054857834847,-0.1338028797562663,-0.11908563891128487,-0.07967793925913821,0.07599796752511387,0.11450067989102063,-0.07415897891570258,-0.05255576733901925,-0.031220036025317952,0.10817475032424519,-0.044189607860972646,0.14287030387830793,-0.13586362049972434,0.08015020836450674,0.007405581030922445,0.038527494963073276
-0.032565869398291244,0.11608856721299259,0.12126781251816647,4.9334150198996564E-18,-0.056266755089586395,-3.569776570459506E-4,-0.032967976477020274,-0.09417338419403314,-0.09452286793930281,9.942601319652955E-4,0.05713081596736251,-0.03967410477440338,0.10994570346937112,0.02871430543771853,-0.043631156580598164,-0.07597994972871443,0.11612406604074339,0.04479874694888315,-0.15268310868092774,0.32407933588087257,0.043319823962023475,0.011702038496380223,-0.008425213943673645
-0.11608856721299259,-0.032565869398291244,-4.925749968007314E-18,0.12126781251816647,0.010580654762630589,0.024805864111917965,0.13269086815172165,-0.05715763074567007,-0.15039134031722584,-0.10895349498140107,-0.06637347685954269,0.04833505851900621,0.09052774277337053,-0.02906585373532345,-0.03162434584790869,-0.10083523278615823,0.24787112661760205,-0.033691446108686386,0.08664169739627982,0.047200289202866896,0.07077410315402352,0.0076480417472370565,0.0037854497026381054
-0.06622262943834314,0.11663755568852634,0.12126781251816647,2.736674359438872E-18,-0.030118779720332924,0.0063797025681153795,-0.06248663472271294,-0.12089291447109105,-0.10301775251168899,0.07296998987241227,0.06874174010790626,-0.07260920440185589,0.11012879788606614,-0.014007103772274114,-0.10263951724141891,-0.0674037642011744,0.024950693390645404,0.06699439222728848,-0.0772622842440116,0.17707043840823602,0.12010467901657078,-0.012165275316212663,-0.06887953039568699
-0.11663755568852634,-0.06622262943834314,-2.7289730591436557E-18,0.12126781251816647,0.0111198071219051,0.04515240603901293,0.10513909115206593,-0.060271033620811904,-0.15069363623296536,-0.14285925185391513,-0.08176492188554607,0.06656127785840071,0.13258465844786513,0.010423030960272488,0.023118558315956377,-0.05528904608557967,0.06860731990350638,0.032242431740074885,0.026694637913944917,-0.007424140223808142,0.08324102619532785,0.008386560823183432,0.019271938143077906
-0.0973903119195912,0.11742471755626882,0.12126781251816647,7.194223346754856E-19,0.001024289482004518,0.011628856372364998,-0.09658301469387663,-0.12418846213070704,-0.08573356151270568,0.12391590839059705,0.0755190835049209,-0.08344478331633505,0.10201879100002938,-0.0619512993461171,-0.14268415170700016,-0.046207455919041365,-0.07435035702696749,0.05635047446625835,0.014337803409298048,-0.054114581880066855,0.15453925650714148,-0.02045761930504708,-0.07903092716579431
-0.11742471755626882,-0.0973903119195912,-7.116690599549779E-19,0.12126781251816647,0.007630004229162854,0.07838578560676876,0.0709355623985032,-0.05720122183745403,-0.12838922617585713,-0.15796766059955966,-0.10023231647384824,0.0984870993480849,0.16857873658131364,0.041751570311437794,0.0314861371665724,0.04669647489022911,-0.1287165962278019,0.07300771545416422,-0.07802453493490669,-0.035481331600499454,0.07113113543773186,-0.0049849197781848785,0.047443689029126
-0.10174118640231508,0.07914708564391117,0.12126781251816648,-1.9071227621147446E-18,0.013169878803958977,0.001210500533165175,-0.0901990051606825,-0.0801037636058498,-0.05893016230461466,0.03598695457359316,0.028625076346928315,-0.05656676495142578,0.0676137253164769,0.03616757849158268,0.09814887635573598,0.10119978924122756,-0.18818676258221428,-0.16281233067645268,-0.01452762409812583,-0.02396409792117272,-0.0952763189334397,0.07810151704139666,0.13220979313215844
-0.07914708564391117,-0.10174118640231508,1.9123486558711488E-18,0.12126781251816648,0.00911718687808013,0.11459907344852989,-0.003368552501338999,0.11254263934079063,0.08833246175304811,0.04040554447963861,-0.08974748302797529,-0.06690654392770046,0.14048685797077062,0.03803733704411359,0.0016653923150996013,-0.03998691365868662,-0.03232436092823244,-0.024273928601500006,0.07665849271152621,0.08952569588445299,0.06797267660716519,-0.012800352537293277,-0.014986492445911524
-0.07507637115082094,0.0936429951518916,0.12126781251816648,7.453292011524146E-19,-0.005213470596941394,-0.005942887719420351,-0.06473989852771542,-0.070373612143376,-0.05414640326244921,0.04399873699469438,0.03911874758513327,-0.05627728138195653,0.0838462629847315,0.018850403094853568,0.08884377856711603,0.07338607976950633,-0.08406358592628937,-0.13624199910699578,-0.04883306555920048,0.0499445473278887,-0.11168302567151793,0.06193452847979878,0.1655147300634605
-0.0936429951518916,-0.07507637115082094,-7.391461769802178E-19,0.12126781251816648,0.008096371753221351,0.07729614367843943,0.021502306598262865,0.11088376176134779,0.04230509796040117,0.048613542476948275,-0.06153592976522686,-0.09380386649796264,0.11250996321716973,0.06300014753416389,0.06161445135053324,-0.0853881518029416,-0.12055224586634447,-0.08289702778605137,0.12726275882191979,0.04464431400160611,0.06258052741339445,0.03585220667436599,-0.012118980642026215
-0.04670076320734258,0.07865077198204182,0.12126781251816648,1.709831056631892E-18,-0.005321142115173057,-0.006753239608021693,-0.04573896143856431,-0.05397492757329465,-0.033120809047320114,0.03308319745099557,0.02675319964397727,-0.018320308216632178,0.07487975285295717,-0.028828660884726617,0.05823099745432759,0.05933880310456565,-0.005478277255225147,-0.13140468123861554,-0.03553262853050151,0.1328211886404632,-0.09248178944997978,0.07121248320497289,0.13976951308678953
-0.07865077198204182,-0.04670076320734258,-1.7046379332857394E-18,0.12126781251816648,0.0010247112594681666,0.08316706939162231,0.023063725209613074,0.11486448095829038,0.07691579846623499,0.0703644868171288,-0.048139051801993446,-0.0723789662402729,0.08554422903158124,0.004149214116348813,0.009760124130770676,-0.049243009117562776,-0.006890542822840844,-0.0037095941052559147,0.07574035202932869,0.042671117374182936,0.026904305474389018,-0.03156662655822709,0.016618969879455173
-0.07490764860960666,0.06991585139940161,0.12126781251816648,-6.928900867408188E-19,-0.0013604764396994455,0.0012099039462570818,-0.06751209246400086,-0.0715830884997974,-0.04933336719998169,0.032977203440061116,0.02263002279246901,-0.04495579679586279,0.08350237848842637,0.013702722554584568,0.08169730233697678,0.07060079256783322,-0.0991695489520211,-0.15167304590248432,-0.02718512027461701,0.06468409894509052,-0.09831425045044342,0.08057110803070713,0.15012530126362034
-0.06991585139940161,-0.07490764860960666,6.975064640632338E-19,0.12126781251816648,0.0018506916419564951,0.07720459795912368,0.01764721693294152,0.10935952081444142,0.09521397491502889,0.04725579728706726,-0.06595340803989973,-0.08156412778275748,0.10864622950036232,-0.010943911857387262,0.010921981491247129,-0.07025713531312827,0.029659660995002765,-0.0076290993096306695,0.07543938681745582,0.0912306396643847,0.055010189365799156,-0.03225870720950526,0.00929497945521013
-0.07459293383834213,0.08263226170849883,0.12126781251816648,1.0476107422161899E-19,-0.005088733670561146,-6.59809546539726E-4,-0.06292040428901817,-0.06239806058594595,-0.03686674163248413,0.03733587042140924,0.011809400693503867,-0.04157957402506565,0.08429987284576522,7.393090666778374E-4,0.07976904743287679,0.07908747786772782,-0.07949889489130757,-0.16370508769803,-0.017397697202251667,0.0707397590565204,-0.19952374228438385,0.07627808111902788,0.3555186637990387
-0.08263226170849883,-0.07459293383834213,-9.930506258168588E-20,0.12126781251816648,0.0096222861028284,0.08788620071620858,0.013421149813233417,0.1091370951486908,0.07007578972662079,0.0658946153701323,-0.06620076446659273,-0.09338917398184249,0.11535542041587539,0.040005349641676395,0.0331725908062815,-0.06722339381430423,-0.037954436681389654,-0.03260449692484582,0.09412231664457259,0.051877266598184105,0.06582266828763628,-0.0016348849142131805,-0.017756916575234507
0.10174118640231523,0.07914708564391108,0.12126781251816648,1.1576703453787132E-17,0.013169878803958994,-0.0012105005331651895,0.09019900516068269,0.0801037636058498,0.05893016230461457,-0.03598695457359282,0.028625076346928856,0.056566764951425666,0.06761372531647972,-0.03616757849158,-0.09814887635573555,-0.10119978924122758,0.18818676258221462,0.16281233067645265,0.014527624098125105,0.023964097921171948,-0.0952763189334385,-0.07810151704139788,0.13220979313213113
-0.07914708564391108,0.10174118640231523,-1.157147756003073E-17,0.12126781251816648,-0.009117186878080144,0.11459907344852978,-0.0033685525013389672,0.11254263934079073,0.08833246175304728,0.040405544479639566,0.08974748302797544,-0.06690654392769982,-0.14048685797077243,0.03803733704410723,0.001665392315099244,-0.03998691365868862,-0.03232436092823219,-0.024273928601499108,0.07665849271152367,0.08952569588445305,-0.06797267660716524,-0.012800352537293462,0.014986492445900217
0.07507637115082098,0.09364299515189156,0.12126781251816648,1.0695249949227982E-17,-0.005213470596941378,0.005942887719420339,0.06473989852771572,0.07037361214337598,0.054146403262449086,-0.04399873699469399,0.03911874758513391,0.0562772813819554,0.08384626298473354,-0.01885040309485079,-0.08884377856711509,-0.07338607976950592,0.08406358592628879,0.1362419991069947,0.048833065559199765,-0.04994454732788881,-0.11168302567151896,-0.061934528479799855,0.16551473006343556
-0.09364299515189156,0.07507637115082098,-1.0689066925055783E-17,0.12126781251816648,-0.008096371753221369,0.07729614367843944,0.02150230659826279,0.1108837617613475,0.04230509796040077,0.04861354247694876,0.06153592976522594,-0.0938038664979619,-0.11250996321717247,0.06300014753415853,0.06161445135053215,-0.08538815180294122,-0.12055224586634271,-0.08289702778605011,0.12726275882191754,0.04464431400160613,-0.0625805274133962,0.035852206674365665,0.012118980642036595
0.04670076320734254,0.07865077198204173,0.12126781251816648,7.899113858463481E-18,-0.005321142115173052,0.006753239608021672,0.04573896143856422,0.0539749275732949,0.03312080904732014,-0.03308319745099554,0.026753199643977783,0.018320308216631817,0.07487975285295659,0.028828660884729445,-0.05823099745432696,-0.05933880310456537,0.005478277255224597,0.13140468123861476,0.03553262853050111,-0.13282118864046333,-0.09248178944998088,-0.0712124832049738,0.13976951308676985
-0.07865077198204173,0.04670076320734254,-7.893920735117328E-18,0.12126781251816648,-0.0010247112594681082,0.0831670693916221,0.02306372520961304,0.11486448095829047,0.07691579846623493,0.07036448681712884,0.048139051801992745,-0.0723789662402725,-0.08554422903158257,0.004149214116345159,0.009760124130770254,-0.04924300911756276,-0.006890542822840369,-0.0037095941052547473,0.07574035202932879,0.042671117374183276,-0.02690430547438954,-0.031566626558227166,-0.016618969879447804
0.07490764860960675,0.06991585139940153,0.12126781251816648,9.234669752199657E-18,-0.001360476439699434,-0.0012099039462570968,0.06751209246400089,0.07158308849979722,0.04933336719998169,-0.03297720344006072,0.02263002279246967,0.04495579679586267,0.08350237848842766,-0.01370272255458149,-0.08169730233697585,-0.07060079256783339,0.09916954895202104,0.15167304590248482,0.027185120274617076,-0.06468409894509167,-0.09831425045044417,-0.08057110803070704,0.15012530126359971
-0.06991585139940153,0.07490764860960675,-9.23005337487724E-18,0.12126781251816648,-0.001850691641956522,0.07720459795912397,0.017647216932941665,0.10935952081444107,0.0952139749150287,0.04725579728706791,0.06595340803989894,-0.08156412778275807,-0.10864622950036225,-0.010943911857391625,0.010921981491246081,-0.0702571353131272,0.02965966099500321,-0.0076290993096302774,0.07543938681745559,0.09123063966438619,-0.055010189365799746,-0.032258707209505084,-0.009294979455206055
0.07459293383834216,0.0826322617084988,0.12126781251816648,9.990611557950449E-18,-0.0050887336705611255,6.598095465396843E-4,0.06292040428901784,0.06239806058594604,0.03686674163248405,-0.03733587042140929,0.011809400693504602,0.04157957402506517,0.08429987284576651,-7.393090666748806E-4,-0.07976904743287591,-0.0790874778677274,0.07949889489130722,0.16370508769802872,0.01739769720225087,-0.07073975905652147,-0.19952374228438366,-0.0762780811190293,0.3555186637990108
-0.0826322617084988,0.07459293383834216,-9.985155546310515E-18,0.12126781251816648,-0.00962228610282842,0.08788620071620871,0.013421149813233488,0.10913709514869072,0.07007578972662055,0.0658946153701326,0.06620076446659234,-0.09338917398184228,-0.11535542041587778,0.0400053496416711,0.03317259080627967,-0.06722339381430464,-0.03795443668138935,-0.032604496924846155,0.09412231664457157,0.051877266598185146,-0.06582266828763662,-0.0016348849142127245,0.0177569165752412
-0.01807058361031877,0.08164103512053811,0.12126781251816648,3.789682951435449E-18,-0.057898135614572334,0.0027117921208536003,-0.010555076338384844,-0.02882926645985476,-0.002076356267640723,0.018542681111695925,0.03578954442698499,0.01602456996170784,0.04565202297064793,-0.017754888233762374,-0.004775562438716289,0.021216381123510014,0.02527993975129369,-0.05251704746881809,0.009667964284172229,0.0433972249019032,1.3232796695197876E-4,0.004975297536303368,-0.028447044158808336
-0.08164103512053811,-0.01807058361031877,-3.784292388128768E-18,0.12126781251816648,-0.006371534053800532,0.029571847060257356,0.02271389382056768,0.057197454593501174,-0.008731461054824759,0.13418993077283092,-0.013962515253316961,-0.15557903479155608,0.0063062090180423715,0.12632584007242173,0.17119110332853835,-0.07965800658513073,0.17633332270277194,0.024354717680639373,-0.08998076259453726,-0.18844203588105976,3.105341918451531E-5,-0.06347370185469561,0.025586105559974415
-0.02376505177197376,0.03614666043376457,0.12126781251816648,6.332611833808029E-19,-0.08809341403765372,0.0034064991684020544,-0.01960575802333932,-0.010945038204961458,0.0036834090042060495,-0.013744892024432164,0.028399589656138306,-0.010316173414553216,0.04556137373174085,5.79133652213134E-4,0.03580339194117346,0.01851033214974064,0.03354150734895896,-0.043862604396997185,0.021923496468493037,0.028672438358955887,0.020568600021746257,-0.011159468969385276,-0.07735462073971962
-0.03614666043376457,-0.02376505177197376,-6.308745053933717E-19,0.12126781251816648,-0.01606045572010799,-0.09526606857242131,0.102235343903536,-0.0012890417333720667,0.033847436772472025,0.17038213342671973,-0.034722127921739766,0.011209525182817592,0.009238849188077181,-0.11408936849504532,0.12782902270113897,0.016020731748088077,0.06711232907420056,0.0482228899843235,-0.17214026210057798,-0.057180932922207627,-0.019950701617910755,-0.1092685880646606,0.0629781575992072
-0.049289626925220924,0.005664228108659411,0.12126781251816648,-2.9201874455717738E-18,-0.06188452997760813,-0.018876457323174528,-0.059221668953770096,-0.08470873620020575,0.03325362687465332,0.005472128810858321,-0.010598825623468451,-0.03387210647326133,0.02802277544427431,0.0415117663638488,0.1422175352833163,0.07405146522983634,0.23512016922371148,-0.15675097378753164,-0.08585787602089227,-0.0390054524480365,-0.01535497768347397,-0.11644762786258339,-0.04755676121643475
-0.005664228108659411,-0.049289626925220924,2.92056144107732E-18,0.12126781251816648,7.952384066959662E-4,-0.06203224311670275,0.07478615263317316,-0.030396347012943848,0.15052911366884558,0.09525576094635739,-0.01765450258263989,0.1544451185515236,0.029700238117117424,-0.3621565400953964,-0.10780777817112008,0.07329863643394124,-0.08375119195581827,-0.021443058941380086,0.06951500569688294,0.18201105510685908,0.04011303156603765,0.01080112633851635,-0.05319144522672336
-0.03800521096311326,-0.014771326204771838,0.12126781251816648,-3.4207511512258935E-18,-0.08297847578758975,-0.005037891831962582,-0.057478546180531616,-0.06294649498979693,0.08633354613855128,-0.03199432367237935,-0.01719346266745356,0.04163478538299896,0.022439803443567784,-0.13885228647505007,0.04026881881745405,0.06813743761987899,0.18023722575035456,-0.18242261247817568,0.05739183262372028,0.03578308074632757,-0.00959002909283039,-0.07435828907244676,-0.03413297895284423
0.014771326204771838,-0.03800521096311326,3.41977583570089E-18,0.12126781251816648,0.0024786514634080933,-0.0758452908498891,0.061742808056120216,-0.043184192124446186,0.06438658680439019,0.05971026352231901,-0.029513333789139718,-0.02370684620569771,0.03535657763121341,-0.1059112960482232,0.06274655725290332,0.004645280719446677,0.003570840651386373,0.0589713177731581,-0.05546950520174585,0.01697140756408451,0.021284069988334313,-0.07311986538093121,-0.006932118262456471
-3.697119283062009E-18,-0.022084158357204547,0.12126781251816648,-1.3490360984573317E-18,-0.12973026658783587,4.143859854733736E-17,4.3498674959506484E-17,-9.671245595205288E-17,6.537695056521476E-17,-4.5646913025395563E-17,-0.031029467667049913,3.3570206939207074E-16,-0.01600292781114332,-1.747003201774652E-16,-5.167806782791846E-16,9.764244350720579E-16,6.646816652670621E-16,6.401274597585907E-16,-4.1939707816442594E-16,8.296914291128497E-16,-0.03699175269106911,1.017444301826747E-15,-0.04216667963843356
0.022084158357204547,-3.8810593183475185E-18,1.3475779340241702E-18,0.12126781251816648,-9.73816872214953E-18,-0.13930965927565211,0.13222324472625635,-0.037336093108957545,-0.009611370101620073,0.13600313555486956,-7.11612879064313E-16,0.06505535587484765,1.5522820669804095E-15,-0.07560880980544718,0.05548193711073761,0.01717028131693846,-0.03573122685943315,0.04154657511805567,-0.04104084882211938,0.008221593111352236,3.524921955118635E-16,0.0513422040598937,1.9211328290962735E-15
0.03800521096311324,-0.01477132620477185,0.12126781251816648,1.6161044039954173E-18,-0.08297847578758967,0.005037891831962657,0.057478546180531415,0.0629464949897967,-0.08633354613855126,0.031994323672379345,-0.01719346266745379,-0.041634785382998696,0.022439803443562244,0.13885228647505113,-0.04026881881745391,-0.06813743761987841,-0.18023722575035395,0.18242261247817443,-0.05739183262371999,-0.035783080746328105,-0.009590029092831126,0.07435828907244274,-0.034132978952814176
0.01477132620477185,0.03800521096311324,-1.6170797195204212E-18,0.12126781251816648,-0.0024786514634081405,-0.0758452908498892,0.061742808056120486,-0.043184192124446234,0.06438658680438995,0.059710263522319694,0.029513333789139104,-0.023706846205698177,-0.035356577631209696,-0.10591129604822444,0.06274655725290373,0.0046452807194469,0.0035708406513861074,0.05897131777315838,-0.055469505201745484,0.01697140756408461,-0.021284069988334094,-0.07311986538093089,0.00693211826246323
0.04928962692522092,0.005664228108659392,0.12126781251816648,3.612199164097185E-18,-0.0618845299776082,0.01887645732317464,0.0592216689537699,0.08470873620020579,-0.03325362687465326,-0.005472128810858103,-0.010598825623468195,0.03387210647326192,0.02802277544427712,-0.04151176636384665,-0.1422175352833165,-0.07405146522983481,-0.23512016922371035,0.15675097378753308,0.08585787602089275,0.03900545244803695,-0.015354977683477725,0.1164476278625814,-0.04755676121639303
-0.005664228108659392,0.04928962692522092,-3.611825168591639E-18,0.12126781251816648,-7.952384066959885E-4,-0.06203224311670261,0.07478615263317331,-0.03039634701294386,0.15052911366884572,0.09525576094635745,0.017654502582639616,0.15444511855152368,-0.0297002381171023,-0.3621565400953965,-0.10780777817112124,0.07329863643394162,-0.08375119195581784,-0.0214430589413802,0.06951500569688382,0.18201105510685944,-0.040113031566035864,0.010801126338516216,0.0531914452267218
0.023765051771973803,0.036146660433764584,0.12126781251816648,3.782859093887515E-18,-0.08809341403765393,-0.0034064991684020418,0.019605758023338873,0.010945038204961564,-0.003683409004205607,0.013744892024432733,0.028399589656138497,0.010316173414554647,0.045561373731740566,-5.79133652209953E-4,-0.03580339194117241,-0.01851033214973818,-0.03354150734895726,0.04386260439700051,-0.021923496468492495,-0.028672438358955134,0.020568600021746722,0.011159468969382691,-0.07735462073971239
-0.036146660433764584,0.023765051771973803,-3.780472415900084E-18,0.12126781251816648,0.016060455720108016,-0.09526606857242106,0.10223534390353607,-0.0012890417333720006,0.03384743677247178,0.17038213342671926,0.034722127921737775,0.011209525182817481,-0.009238849188073618,-0.11408936849504446,0.1278290227011391,0.016020731748088515,0.06711232907419988,0.04822288998432281,-0.17214026210057937,-0.05718093292220721,0.01995070161791296,-0.10926858806465962,-0.06297815759922554
0.018070583610318772,0.08164103512053798,0.12126781251816648,6.18458925868014E-18,-0.05789813561457243,-0.0027117921208536554,0.01055507633838479,0.0288292664598548,0.0020763562676407014,-0.018542681111696033,0.0357895444269851,-0.016024569961707643,0.045652022970647216,0.017754888233764202,0.004775562438716461,-0.021216381123511627,-0.025279939751294882,0.05251704746881635,-0.009667964284173047,-0.043397224901902745,1.323279669507943E-4,-0.004975297536306275,-0.028447044158804443
-0.08164103512053798,0.018070583610318772,-6.17919869537346E-18,0.12126781251816648,0.006371534053800501,0.02957184706025738,0.022713893820567686,0.057197454593501326,-0.008731461054824677,0.1341899307728311,0.013962515253315336,-0.1555790347915559,-0.006306209018048512,0.12632584007242112,0.17119110332853782,-0.07965800658513088,0.17633332270277158,0.02435471768063921,-0.08998076259453668,-0.18844203588105846,-3.1053419182853395E-5,-0.0634737018546957,-0.025586105559970675
-0.025517687882432798,-0.006836574498412504,0.12126781251816648,-2.10855794307638E-18,-0.12555167916605772,0.01603210385664791,-0.05162950756609137,-0.030996549022121622,0.05406059048156616,-0.02101962220348594,-0.008676494654513091,-0.018454547072960615,0.02883069819398481,-0.03616171204869533,0.018711928526300707,0.042664179928836796,0.12828969420792805,-0.09784436656111205,-0.00445450693077845,0.024732638783496404,-0.018250349119440564,-0.0655806148059476,-0.029441027828339617
0.006836574498412504,-0.025517687882432798,2.1081065403279934E-18,0.12126781251816648,0.003925949709648482,-0.14047416099119853,0.12343434101644427,-0.03117921944266788,-0.006713562345572097,0.15477685765104265,-0.023791253297653074,0.04641579455609868,0.022688781184606783,-0.08780929398322909,0.13133569602910602,-0.013016047758321193,-0.058884260843054835,0.07308336973021543,-0.10144613013305102,-0.007904604996013411,0.005823001200578324,7.301346394006977E-4,0.003961538597513497
0.025517687882432763,-0.006836574498412505,0.12126781251816648,1.2733179815640994E-18,-0.12555167916605753,-0.016032103856647863,0.05162950756609102,0.030996549022121598,-0.05406059048156555,0.021019622203485872,-0.008676494654513001,0.01845454707296174,0.0288306981939835,0.0361617120486973,-0.018711928526299812,-0.04266417992883371,-0.12828969420792577,0.09784436656111553,0.004454506930779129,-0.02473263878349451,-0.018250349119441726,0.06558061480594543,-0.02944102782832286
0.006836574498412505,0.025517687882432763,-1.2737693843124859E-18,0.12126781251816648,-0.003925949709648408,-0.14047416099119853,0.12343434101644449,-0.03117921944266779,-0.006713562345572373,0.1547768576510436,0.023791253297652644,0.046415794556097414,-0.022688781184604215,-0.08780929398323024,0.1313356960291074,-0.013016047758319363,-0.05888426084305393,0.07308336973021802,-0.10144613013305137,-0.007904604996013039,-0.005823001200574582,7.301346394014686E-4,-0.003961538597502434
-0.06280598380487343,-0.07166553519583461,0.12126781251816648,-8.539630400203481E-18,-0.013567117056089659,-0.009773048188424612,-0.13475299649347294,-0.0726183102791512,0.09495337714639279,-0.1891139551729058,-0.09183619313659577,-0.13423560016132383,-0.054568193941521154,-0.18607606580607272,0.19097231972509188,-0.09812854992235065,-0.005992906700966524,0.0475170744980571,-0.027063672541194607,-0.07335881767962324,-0.026206047075612773,0.10079868598751571,-0.03367113485647215
0.07166553519583461,-0.06280598380487343,8.534898495422877E-18,0.12126781251816648,-0.004412112328134412,0.002421077392293205,-0.10073929198091482,-0.07039256667033726,0.12277594986086719,-0.14133958253705214,-0.049012689009760864,-0.11580957742563971,0.03962065616860537,-0.037080416676828105,-0.06347996579897855,0.022808399301495114,-0.013382931156570388,0.14351277611303395,-0.05236424276512276,-0.005570335884765155,0.016461032677135393,-0.06651453467677773,0.011438492822514716
-0.03866598746888608,-0.05445963036435052,0.12126781251816648,-5.8889432238673574E-18,-0.08413268577644402,-0.015481333108016668,-0.05093448460979744,-0.04831129557867291,0.06066074429150352,-0.0879400421296121,-0.07108370092782781,-0.05663779144566606,-0.05735936268522585,-0.07583550755402621,0.10681489203315446,-0.05229635121832345,-0.008167213451750187,0.0029860821838083584,0.017457382806485993,-0.013700557220122922,-0.042659511318776454,0.074533278433849,-0.04366940778310138
0.05445963036435052,-0.03866598746888608,5.885347384046071E-18,0.12126781251816648,-0.0018056406705816788,-0.1111992875424246,0.027427855656214164,-0.16874943198390205,0.11442469814296091,-0.05801194379387845,-0.02906770398482257,-0.06751266340202994,0.031437672150057876,0.14347900344866374,-0.04861533691170484,0.06882548918730418,0.021566923583000844,-0.028612483325148402,0.09340126564091417,0.031126413398555056,0.010482387005967975,-0.00927086647430935,-0.010441419263194586
-0.014443932332244952,-0.04844161439514802,0.12126781251816648,-3.916243394875266E-18,-0.11252217485361204,5.050651546896746E-4,-0.015656427848870818,4.7647115508199473E-4,0.012674753036794046,-0.014264736008472757,-0.048433466468281804,-4.0312097874442923E-4,-0.05347171745163601,-0.0462707340694333,0.03242673635147172,-0.017339686704835468,-0.002406984286283905,-0.0033946784981232045,0.003954724339016277,-0.013657042808765254,-0.05921753686152983,0.03236881579121971,-0.09042999676749351
0.04844161439514802,-0.014443932332244952,3.9130449103302166E-18,0.12126781251816648,-0.0023363659089238515,-0.15349436451963797,0.08414801921696272,-0.19151583385442925,0.08149985843010595,0.005140415927654487,-0.008459065779445721,-0.022857372199635413,0.005672978000712506,0.16809735723155525,-0.05513282459137387,0.09102491126970817,-0.0106806839130835,-0.09131697159497959,0.15832839059987375,0.03038041704161338,-0.001859750481207341,0.041651967026559045,0.006535750520400836
-9.936008073229148E-18,-0.05094982619905405,0.12126781251816648,-3.1123284682582486E-18,-0.1222297018017644,1.4806112730618094E-17,2.0691908466152023E-16,1.4811543662889538E-17,-1.486962226002769E-16,-5.350479143803215E-16,-0.057110561091772524,7.335779362175388E-17,-0.05064451235483613,-1.5943028243872706E-15,-9.107963768264203E-16,-2.3460942549300334E-15,-1.3149928581231449E-15,-2.5229780368716425E-15,-7.860005756287835E-16,-3.047547652973004E-16,-0.059015008695318616,2.0868799765119538E-15,-0.06176302904614386
0.05094982619905405,-1.0360371668040415E-17,3.1089643724553855E-18,0.12126781251816648,-2.47238114316323E-17,-0.15885719601481535,0.07972230957175956,-0.19359013586779242,0.054374000815166044,0.01032935738762789,1.4661607371236884E-16,-0.055742645328583064,-4.484975914539053E-15,0.23594382633237823,-0.01139808268577561,0.08906383205289557,-0.012592054577924113,-0.060198591409063654,0.1142048072119985,0.017989789148947624,3.843332403484089E-17,0.016058041600240554,-7.16137930266423E-15
0.014443932332244938,-0.04844161439514802,0.12126781251816648,-2.0019795620150923E-18,-0.11252217485361204,-5.050651546895171E-4,0.015656427848870995,-4.764711550821336E-4,-0.012674753036794233,0.014264736008472327,-0.04843346646828133,4.031209787445044E-4,-0.05347171745163764,0.04627073406943047,-0.03242673635147224,0.017339686704835135,0.002406984286283029,0.0033946784981219317,-0.003954724339016401,0.013657042808766093,-0.059217536861527906,-0.03236881579121873,-0.09042999676749663
0.04844161439514802,0.014443932332244938,1.998781077470043E-18,0.12126781251816648,0.0023363659089238754,-0.15349436451963794,0.0841480192169628,-0.19151583385442894,0.0814998584301056,0.005140415927655509,0.008459065779446079,-0.022857372199635177,-0.0056729780007189244,0.16809735723155472,-0.05513282459137263,0.09102491126970755,-0.010680683913084368,-0.09131697159498069,0.15832839059987386,0.030380417041612835,0.0018597504812075615,0.041651967026557685,-0.0065357505204171095
0.03866598746888606,-0.05445963036435053,0.12126781251816648,-7.645145246081965E-19,-0.08413268577644367,0.0154813331080167,0.05093448460979748,0.04831129557867296,-0.06066074429150375,0.0879400421296118,-0.07108370092782756,0.056637791445666934,-0.0573593626852274,0.07583550755402425,-0.10681489203315535,0.0522963512183245,0.008167213451751115,-0.0029860821838073232,-0.017457382806485768,0.013700557220122953,-0.04265951131877502,-0.07453327843384817,-0.043669407783099856
0.05445963036435053,0.03866598746888606,7.609186847869102E-19,0.12126781251816648,0.001805640670581714,-0.11119928754242456,0.02742785565621398,-0.16874943198390185,0.11442469814296091,-0.05801194379387745,0.029067703984822876,-0.06751266340202956,-0.03143767215006349,0.143479003448662,-0.04861533691170508,0.0688254891873034,0.02156692358300219,-0.028612483325148937,0.09340126564091458,0.03112641339855425,-0.010482387005968487,-0.009270866474310312,0.010441419263175288
0.06280598380487346,-0.07166553519583461,0.12126781251816648,-2.1591214125863621E-19,-0.013567117056089657,0.009773048188424572,0.13475299649347316,0.072618310279151,-0.09495337714639293,0.18911395517290386,-0.09183619313659665,0.1342356001613239,-0.05456819394152531,0.18607606580607017,-0.19097231972509324,0.09812854992235058,0.005992906700966489,-0.04751707449805673,0.027063672541194995,0.07335881767962334,-0.02620604707561417,-0.10079868598751289,-0.033671134856464634
0.07166553519583461,0.06280598380487346,2.1118023647803314E-19,0.12126781251816648,0.004412112328134438,0.0024210773922931973,-0.10073929198091486,-0.07039256667033732,0.1227759498608666,-0.14133958253705192,0.04901268900976174,-0.11580957742563977,-0.039620656168604516,-0.037080416676829896,-0.06347996579897919,0.022808399301495207,-0.01338293115656942,0.14351277611303334,-0.05236424276512301,-0.005570335884764725,-0.01646103267713597,-0.0665145346767803,-0.011438492822510684
0.047455410523161205,-0.09021924252028739,0.12126781251816648,-2.3664973727003834E-18,-0.04173764554467722,-0.0027298579476022163,0.06351809957341709,0.11122040169100109,-0.14219906480066802,0.13029126334257982,-0.06898237942376664,0.05569088868404072,-0.08225022682727934,0.09701982335838727,-0.09576428587350673,0.07422814589148458,-0.005219832667528724,-0.019363898726693106,0.002499868658256488,0.04084201791917331,-0.011293710413888223,-0.05922018218445319,-0.06639493750747245
0.09021924252028739,0.047455410523161205,2.3605404107685766E-18,0.12126781251816648,0.005327904985018677,-0.047500606435171434,-0.12303693675649863,0.08685478001142131,-0.06830490848730868,-0.09040113441654375,0.028084630842661957,-0.10471772639643845,-0.03158944928830976,-0.08425827625062043,-0.04543223410551463,0.06729900811470496,-0.001676270994979056,0.07314408690356428,-0.0179771761866843,0.019526130335100127,-0.027226841987945314,-0.029872272015623053,-0.018459480882803067
0.025615101042569838,-0.09980717854285953,0.12126781251816648,-4.399442697948113E-18,-0.07305870736964498,-0.008741234443598981,0.029362083109554828,0.06553274699145198,-0.08240265432472915,0.05721981357026584,-0.061542834611677866,0.011663955375364996,-0.09478145573955434,0.05122543940683892,-0.03176585193245257,0.045111610270934833,0.013050803008318795,-0.003223909974513482,0.008385691734755573,0.014894457115688499,-0.016088650579685792,-0.030509395119473277,-0.07014406429503643
0.09980717854285953,0.025615101042569838,4.3928526674125844E-18,0.12126781251816648,0.002209295089129041,-0.1017167280266063,-0.14015422427481944,0.19819686193826228,-0.20661163473426497,-0.06631121560378268,0.013514787378834792,-0.12539074721167467,-0.017689200696006335,-0.08764529539279359,0.016531566873709897,0.08361338374471189,0.0029100058899898217,0.036413974707183605,0.0072608034774984224,0.016802133772026186,-0.014683268416082652,-0.008606763161117574,-0.007223432241355622
-1.9111410877286684E-17,-0.10235918297764346,0.12126781251816648,-6.2527278881059185E-18,-0.09825349751845072,9.58580070570378E-17,3.315367646019964E-17,-2.455114804540191E-16,1.9371786806538093E-16,-3.056470990159882E-17,-0.07193689640985532,1.5664750584093938E-16,-0.09074634634434205,-2.0970333959762468E-15,1.1761898684376245E-16,1.6442834349575707E-15,1.4608950995587426E-15,5.062063143670001E-16,1.0445632699756476E-16,-2.608077266400355E-16,-0.02734671068913167,3.484086136400339E-18,-0.024315515474222543
0.10235918297764346,-1.9963965519585808E-17,6.2459693547893534E-18,0.12126781251816648,-1.1153414623580311E-17,-0.12152759799695557,-0.14402797825363034,0.22956379716021358,-0.23315333176850658,-0.057449389922716136,-4.748447260528129E-16,-0.12793441708098227,1.0828453398185254E-15,-0.09702407209089899,0.04085053357989863,0.093408070923369,0.01874479553115597,0.015392593537943791,0.030653475051351877,0.021615463637202903,2.4503972067483665E-15,6.593886371771467E-4,-1.0059149028090748E-15
-0.025615101042569848,-0.09980717854285961,0.12126781251816648,-7.794228852642688E-18,-0.07305870736964523,0.008741234443598964,-0.029362083109554862,-0.06553274699145192,0.08240265432472924,-0.057219813570266564,-0.06154283461167736,-0.011663955375363647,-0.09478145573955271,-0.05122543940684252,0.03176585193245155,-0.045111610270935604,-0.013050803008318219,0.0032239099745131022,-0.008385691734756359,-0.014894457115688181,-0.016088650579684758,0.03050939511947677,-0.07014406429502978
0.09980717854285961,-0.025615101042569848,7.787638822107162E-18,0.12126781251816648,-0.0022092950891290583,-0.1017167280266062,-0.14015422427481863,0.19819686193826308,-0.20661163473426555,-0.06631121560378274,-0.01351478737883618,-0.1253907472116757,0.017689200696008857,-0.08764529539279355,0.016531566873709953,0.08361338374471323,0.0029100058899915455,0.03641397470718403,0.007260803477498945,0.0168021337720261,0.014683268416081268,-0.008606763161115452,0.007223432241357239
-0.04745541052316125,-0.0902192425202873,0.12126781251816648,-8.655794078641157E-18,-0.04173764554467732,0.0027298579476022424,-0.06351809957341716,-0.11122040169100111,0.14219906480066796,-0.13029126334258023,-0.06898237942376576,-0.05569088868404,-0.082250226827277,-0.09701982335839035,0.09576428587350601,-0.07422814589148406,0.005219832667529263,0.01936389872669264,-0.002499868658256321,-0.0408420179191736,-0.011293710413887546,0.059220182184455086,-0.06639493750747742
0.0902192425202873,-0.04745541052316125,8.649837116709349E-18,0.12126781251816648,-0.005327904985018724,-0.04750060643517142,-0.12303693675649856,0.08685478001142119,-0.06830490848730812,-0.09040113441654375,-0.028084630842662335,-0.10471772639643827,0.031589449288312664,-0.0842582762506187,-0.045432234105514196,0.06729900811470466,-0.001676270994979492,0.07314408690356441,-0.01797717618668312,0.019526130335100575,0.02722684198794605,-0.029872272015620142,0.018459480882812174
-0.02892839186308886,-0.07859161128486797,0.12126781251816648,-6.717807939601099E-18,-0.07437286921738408,-0.0030370927557481085,-0.0518481208508248,-0.037655957763914685,0.06777087381953392,-0.0932851857287811,-0.050660102962363285,-0.04247249155203908,-0.06821113909669403,-0.10471039110838838,0.04319418271015775,-0.05391316912467662,5.401830993128986E-4,0.011898236529035188,-0.008831433422813758,-0.011033495330389888,-0.0570207956148912,0.06348994571193266,-0.04605092857745236
0.07859161128486797,-0.02892839186308886,6.712618722495024E-18,0.12126781251816648,-0.002754009680816111,-0.07654459164190033,-0.10485466110987177,0.0698856028068728,-0.11833716936948953,0.01986118445408966,-0.010512975484438759,-0.009168576036067256,0.03294460918452433,-0.05550630155960939,-0.0325071029972687,0.1491732620018399,0.07046639154531281,-0.10377774297093595,0.0854672194493542,-0.01530623459874302,0.006663029243242337,-0.028046522033096197,0.0021059524904935966
-1.4518895517858097E-17,-0.08251161339540165,0.12126781251816648,-5.040316375744478E-18,-0.09674868518950278,1.564387019056069E-17,2.5542596125518482E-17,-5.0278382285379774E-17,2.3672255960716054E-16,-4.2181624208158774E-16,-0.06540172838221671,6.114446683588858E-16,-0.07224836656930635,-1.5055757962843145E-15,-5.184786672918878E-16,3.334426313599079E-16,7.378570373503041E-16,-7.442262404096663E-16,-3.105008228366308E-16,2.527500054611923E-16,-0.04091881735899551,1.3026090391609861E-15,-0.05638018243854617
0.08251161339540165,-1.5206138782189396E-17,5.03486833022561E-18,0.12126781251816648,-2.9156665862068576E-17,-0.09897632227040919,-0.10474690607046196,0.09763533518807915,-0.1582550501945967,0.028434935615988432,-4.8830355734203063E-17,0.005878000226611421,2.6529315848966436E-16,-0.04278650280212089,-0.00257663975223875,0.1425806463337991,0.06542094956802375,-0.13398588804596845,0.11938472946135127,-0.012468092884581401,-8.90732073869616E-17,0.011795237711922866,-1.0728718550094519E-14
0.028928391863088824,-0.078591611284868,0.12126781251816648,-2.883909177648743E-18,-0.07437286921738416,0.0030370927557482066,0.05184812085082522,0.03765595776391465,-0.06777087381953417,0.0932851857287808,-0.05066010296236359,0.042472491552038465,-0.06821113909669753,0.10471039110838519,-0.043194182710158284,0.05391316912467514,-5.401830993144585E-4,-0.011898236529038025,0.008831433422812092,0.011033495330389987,-0.057020795614891394,-0.0634899457119319,-0.04605092857745606
0.078591611284868,0.028928391863088824,2.878719960542669E-18,0.12126781251816648,0.0027540096808160624,-0.07654459164190013,-0.10485466110987164,0.0698856028068729,-0.11833716936948996,0.019861184454090092,0.010512975484437859,-0.009168576036067364,-0.03294460918452223,-0.05550630155961025,-0.032507102997269006,0.1491732620018403,0.0704663915453122,-0.10377774297093778,0.08546721944935484,-0.015306234598743149,-0.006663029243241494,-0.028046522033098726,-0.0021059524905085196
0.028838828069841872,-0.06603889925068335,0.12126781251816648,-2.1230473649950786E-18,-0.07923445832331386,0.007299104810664647,0.05136176982841901,0.031236086594446454,-0.05974308862680875,0.08882631511583713,-0.05466045767810104,0.041976952783078475,-0.0671144643147666,0.1061730038306438,-0.047701756205150755,0.053974073177354615,-0.00303362889229842,-0.008590751499354905,0.004062930538404262,0.010983314865845757,-0.05712117558296991,-0.07173973354539144,-0.042305043739481095
0.06603889925068335,0.028838828069841872,2.1186869735989047E-18,0.12126781251816648,8.692906105065298E-4,-0.10711401023270266,0.007485805691864699,-0.08082130515066345,0.0963912749510685,-0.08269199120745077,0.0289130964392623,-0.13442124346515524,-0.021480799628246415,0.12443656049854972,-0.022544840560099474,-0.02334101299930948,-0.0352794207998853,0.1496334386794397,0.0105554853497061,0.008830390442419876,-0.006774141817935463,0.0060346705967228775,0.0050492506979901665
-1.5058058746637976E-17,-0.06625751829202871,0.12126781251816648,-4.047416366265274E-18,-0.10435320407240845,1.1004250269676528E-16,1.7965221927937178E-16,-1.8146082959495413E-16,-1.5953229687405931E-16,4.378349810387132E-17,-0.05588794804533738,-7.019722505537354E-16,-0.06848260603063124,-1.626638108239554E-15,5.140233063456113E-16,9.23758639035808E-17,-6.467192319772857E-16,-6.938302545246031E-16,-1.0178602950981365E-15,-2.4748323739467296E-16,-0.05189587466849702,-2.851698729606619E-15,-0.06216715150802648
0.06625751829202871,-1.5609920857724048E-17,4.043041539973944E-18,0.12126781251816648,2.788071609075766E-17,-0.12870160861488888,0.029225141482261994,-0.08406927222377154,0.06077187326214094,-0.04770568850367605,8.390399022977271E-16,-0.09641131736146483,-4.020450520502996E-15,0.13634667466170816,-0.02308201258249729,-0.03120848874979679,-0.050495285026801985,0.11889450732505952,0.04692855460055952,0.01835676215770396,-1.3953886916293893E-15,0.031073224064839186,8.72778853394589E-15
-0.028838828069841907,-0.06603889925068343,0.12126781251816648,-5.9450761786395505E-18,-0.07923445832331373,-0.0072991048106646455,-0.05136176982841893,-0.031236086594446502,0.059743088626808855,-0.08882631511583745,-0.054660457678100946,-0.04197695278307795,-0.0671144643147629,-0.10617300383064614,0.047701756205150075,-0.05397407317735561,0.00303362889229952,0.008590751499353722,-0.004062930538405886,-0.010983314865844342,-0.05712117558297,0.07173973354539198,-0.042305043739477945
0.06603889925068343,-0.028838828069841907,5.9407157872433774E-18,0.12126781251816648,-8.692906105065269E-4,-0.1071140102327027,0.007485805691864636,-0.08082130515066341,0.0963912749510687,-0.08269199120745094,-0.028913096439262116,-0.13442124346515513,0.021480799628242012,0.12443656049854981,-0.022544840560099023,-0.02334101299930846,-0.03527942079988495,0.1496334386794385,0.010555485349706397,0.008830390442420748,0.0067741418179303615,0.006034670596719633,-0.0050492506979754655
-1.3777546078285767E-17,-0.07402653602001748,0.12126781251816648,-4.521995709298859E-18,-0.0988014173414932,1.5739136450512076E-17,3.741629264470927E-17,6.342460223233456E-18,6.560336295451813E-17,-3.1477374957890644E-16,-0.06320962007777765,3.9279019985678643E-16,-0.06799274553083406,-1.1817542066629592E-15,-3.7576411399341626E-16,3.431790618176399E-16,5.444606765835976E-16,-2.226890780967851E-16,2.2532668234924637E-16,7.331546182347379E-17,-0.04734765276463579,1.6218134630735068E-15,-0.04825686213716613
0.07402653602001748,-1.4394116718078522E-17,4.517107913251186E-18,0.12126781251816648,-3.790498628337076E-17,-0.10722289039707143,-0.0338882502627747,0.007075251576094444,-0.03327974692789318,-0.017474022388145626,-2.282302197925708E-16,-0.03947207996841156,-6.739930126161433E-16,0.05464869460390552,-0.023230897530458223,0.041879565171410935,-0.0015587566091553441,-0.005195867681902393,0.05273925940083281,-0.011882727950526984,-4.334961982876153E-16,0.014465101361571597,-7.446396197700433E-16
3.254235202278539E-18,0.008655601757525866,0.12126781251816648,5.287373435702523E-19,-0.17677885141285146,1.0237464732510312E-16,1.471840042950388E-16,-1.8244718643529943E-16,4.171179976094897E-17,1.5035854202737616E-16,0.004620663963392471,-5.794525253500935E-16,0.024448796299040298,2.8229130113499464E-16,-2.5643661303009624E-16,2.7384419419135255E-16,-1.9015297829114805E-15,3.0744880145325446E-16,-2.2807510933392963E-16,-5.380716948187129E-16,-0.024405180786507327,-7.702348707817211E-16,-0.020930548344002327
-0.008655601757525866,3.326328132737772E-18,-5.281658347798203E-19,0.12126781251816648,-7.917644424556391E-18,-0.20546379183048927,0.1916428902351581,-0.03152088521706828,-0.08031621343176083,0.1921769426880987,-3.662621429544764E-16,0.1004763242280465,-2.5519180819575617E-16,-0.08889452409186596,0.20486336989938553,-0.04053857930016077,-0.1224724498344428,0.07543083666100783,-0.10515570228824606,-0.05237394966479109,1.0243396041210457E-15,0.08447920387431612,4.288024718060626E-15
